84
0.0
1.5
3.0
4.75
6.0
9.0
10.75
12.75
14.0
17.0
18.75
20.25
21.75
27.0
29.5
34.0
41.5
44.0
46.5
48.5
51.0
53.0
55.5
58.5
61.5
63.5
66.0
68.0
70.0
72.0
74.0
76.25
78.0
79.5
81.0
84.0
85.5
87.0
89.0
92.0
93.5
95.0
96.75
98.0
103.5
105.75
108.5
111.5
113.5
116.0
118.0
120.0
123.5
126.0
128.5
130.5
133.0
135.0
137.0
139.0
141.0
143.0
144.75
146.25
147.75
150.75
152.25
154.25
155.75
158.75
160.25
162.25
163.75
169.0
171.5
30.0
46.5
55.5
60.5
64.5
112.5
121.5
126.5
130.5

e05
e05
e05
a04
a04
e04
e04
c04
g03
g03
c03
c03
c03
d04
g05
bb4
b04
f04
g04
e04
f04
f05
gb4
bb4
d04
g04
bb3
bb4
f05
f05
f#5
g05
c05
c05
c05
g04
g04
c04
g03
e03
e03
e03
a02
a02
e04
a05
bb4
d04
g04
bb3
bb4
bb4
b04
f04
g04
e04
f04
f05
f05
f05
f#5
g05
c05
c05
c05
g04
f04
d04
b03
e03
e03
c03
c03
d04
g05
g05
b03
db4
c04
g04
b03
db4
c04
g04

64
64
64
57
57
52
52
48
43
43
36
36
36
50
67
58
59
53
55
52
53
65
54
58
50
55
46
58
65
65
66
67
60
60
60
55
55
48
43
40
40
40
33
33
52
69
58
50
55
46
58
58
59
53
55
52
53
65
65
65
66
67
60
60
60
55
53
50
47
40
40
36
36
50
67
67
47
49
48
55
47
49
48
55

659.274206222176
659.274206222176
659.274206222176
440.010109760719
440.010109760719
329.6337218008237
329.6337218008237
261.62956379894933
195.9998757643836
195.9998757643836
130.81344004395967
130.81344004395967
130.81344004395967
293.66975814369056
784.0155873291847
466.1748709275304
493.895493452365
349.2350614339879
392.0037725760563
329.6337218008237
349.2350614339879
698.4772876209713
370.0019751270985
466.1748709275304
293.66975814369056
392.0037725760563
233.0850445286108
466.1748709275304
698.4772876209713
698.4772876209713
740.0115410520648
784.0155873291847
523.2644950750164
523.2644950750164
523.2644950750164
392.0037725760563
392.0037725760563
261.62956379894933
195.9998757643836
164.81517026262188
164.81517026262188
164.81517026262188
110.0002707114078
110.0002707114078
329.6337218008237
880.0292465754202
466.1748709275304
293.66975814369056
392.0037725760563
233.0850445286108
466.1748709275304
466.1748709275304
493.895493452365
349.2350614339879
392.0037725760563
329.6337218008237
349.2350614339879
698.4772876209713
698.4772876209713
698.4772876209713
740.0115410520648
784.0155873291847
523.2644950750164
523.2644950750164
523.2644950750164
392.0037725760563
349.2350614339879
293.66975814369056
246.94521361646014
164.81517026262188
164.81517026262188
130.81344004395967
130.81344004395967
293.66975814369056
784.0155873291847
784.0155873291847
246.94521361646014
277.18710418068997
261.62956379894933
392.0037725760563
246.94521361646014
277.18710418068997
261.62956379894933
392.0037725760563

0
0
7
0
5
0
4
5
0
7
0
0
14
17
9
1
6
2
3
1
12
11
4
8
5
9
12
7
0
1
1
7
0
0
5
0
7
5
3
0
0
7
0
19
17
11
8
5
9
12
0
1
6
2
3
1
12
0
0
1
1
7
0
0
5
2
3
3
7
0
4
0
14
17
0
20
2
1
7
8
2
1
7

Total Number of Intervals:  403
Total Number of Notes:   84
Average Size of Intervals:   4.855421686746988