22
0.0
6.0
14.0
21.75
41.5
51.0
61.5
70.0
78.0
85.5
93.5
103.5
113.5
123.5
133.0
141.0
147.75
155.75
163.75
172.0
129.5
63.5

e05
a04
g03
c03
b04
f04
d04
f05
c05
g04
e03
e04
g04
b04
f04
f#5
c05
b03
c03
g05
f04
f04

64
57
43
36
59
53
50
65
60
55
40
52
55
59
53
66
60
47
36
67
53
53

659.274206222176
440.010109760719
195.9998757643836
130.81344004395967
493.895493452365
349.2350614339879
293.66975814369056
698.4772876209713
523.2644950750164
392.0037725760563
164.81517026262188
329.6337218008237
392.0037725760563
493.895493452365
349.2350614339879
740.0115410520648
523.2644950750164
246.94521361646014
130.81344004395967
784.0155873291847
349.2350614339879
349.2350614339879

7
14
7
23
6
3
15
5
5
15
12
3
4
6
13
6
13
11
14
3
7

Total Number of Intervals:  192
Total Number of Notes:   22
Average Size of Intervals:   9.142857142857142