168
0.0
0.75
1.5
2.25
3.0
4.0
4.75
5.5
6.0
8.25
9.0
10.0
10.75
12.0
12.75
13.5
14.0
16.25
17.0
18.0
18.75
19.5
20.25
21.0
21.75
25.0
27.0
27.75
29.5
30.0
34.0
37.5
41.5
42.5
44.0
45.5
46.5
47.5
48.5
50.0
51.0
52.0
53.0
54.0
55.5
57.5
58.5
60.0
61.5
62.5
63.5
64.5
66.0
67.0
68.0
69.0
70.0
71.0
72.0
73.0
74.0
75.0
76.25
77.0
78.0
78.75
79.5
80.25
81.0
81.75
84.0
84.75
85.5
86.25
87.0
88.25
89.0
89.75
92.0
92.75
93.5
94.25
95.0
96.0
96.75
97.5
98.0
101.5
103.5
105.0
105.75
107.5
108.5
110.0
111.5
112.5
113.5
114.5
116.0
117.0
118.0
119.0
120.0
121.5
123.5
124.5
126.0
127.5
128.5
129.5
130.5
132.0
133.0
134.0
135.0
136.0
137.0
138.0
139.0
140.0
141.0
142.25
143.0
144.0
144.75
145.5
146.25
147.0
147.75
150.0
150.75
151.5
152.25
153.0
154.25
155.0
155.75
158.0
158.75
159.5
160.25
161.5
162.25
163.0
163.75
167.0
169.0
169.75
171.5
172.0
173.0
172.0
129.5
128.0
124.5
122.5
120.5
113.5
110.5
106.0
63.5
62.0
58.5
56.5
54.5
47.5
44.5
38.0

e05
e05
e05
e05
e05
a04
a04
a04
a04
a04
e04
e04
e04
c04
c04
g03
g03
g03
g03
c03
c03
c03
c03
c03
c03
d03
d04
g04
g05
c06
bb4
g04
b04
bb4
f04
d04
g04
g04
e04
bb3
f04
bb4
f05
bb4
gb4
b04
bb4
f04
d04
g04
g04
e04
bb3
f04
bb4
f05
f05
f05
f05
f05
f#5
f#5
g05
g05
c05
c05
c05
c05
c05
c05
g04
g04
g04
f04
c04
d04
g03
b03
e03
e03
e03
e03
e03
a02
a02
a02
a02
e03
e04
e05
a05
b04
bb4
f04
d04
g04
g04
e04
bb3
f04
bb4
f05
bb4
gb4
b04
bb4
f04
d04
g04
g04
e04
bb3
f04
bb4
f05
f05
f05
f05
f05
f#5
f#5
g05
g05
c05
c05
c05
c05
c05
c05
g04
g04
g04
f04
c04
d04
g03
b03
e03
e03
e03
e03
c03
c03
c03
c03
d03
d04
g04
g05
c06
g04
g05
f04
f04
e04
db4
db4
f04
c04
g05
f04
f04
e04
db4
db4
f04
c04
g04

64
64
64
64
64
57
57
57
57
57
52
52
52
48
48
43
43
43
43
36
36
36
36
36
36
38
50
55
67
72
58
55
59
58
53
50
55
55
52
46
53
58
65
58
54
59
58
53
50
55
55
52
46
53
58
65
65
65
65
65
66
66
67
67
60
60
60
60
60
60
55
55
55
53
48
50
43
47
40
40
40
40
40
33
33
33
33
40
52
64
69
59
58
53
50
55
55
52
46
53
58
65
58
54
59
58
53
50
55
55
52
46
53
58
65
65
65
65
65
66
66
67
67
60
60
60
60
60
60
55
55
55
53
48
50
43
47
40
40
40
40
36
36
36
36
38
50
55
67
72
55
67
53
53
52
49
49
53
48
67
53
53
52
49
49
53
48
55

659.274206222176
659.274206222176
659.274206222176
659.274206222176
659.274206222176
440.010109760719
440.010109760719
440.010109760719
440.010109760719
440.010109760719
329.6337218008237
329.6337218008237
329.6337218008237
261.62956379894933
261.62956379894933
195.9998757643836
195.9998757643836
195.9998757643836
195.9998757643836
130.81344004395967
130.81344004395967
130.81344004395967
130.81344004395967
130.81344004395967
130.81344004395967
146.8333728873804
293.66975814369056
392.0037725760563
784.0155873291847
1046.5397252143853
466.1748709275304
392.0037725760563
493.895493452365
466.1748709275304
349.2350614339879
293.66975814369056
392.0037725760563
392.0037725760563
329.6337218008237
233.0850445286108
349.2350614339879
466.1748709275304
698.4772876209713
466.1748709275304
370.0019751270985
493.895493452365
466.1748709275304
349.2350614339879
293.66975814369056
392.0037725760563
392.0037725760563
329.6337218008237
233.0850445286108
349.2350614339879
466.1748709275304
698.4772876209713
698.4772876209713
698.4772876209713
698.4772876209713
698.4772876209713
740.0115410520648
740.0115410520648
784.0155873291847
784.0155873291847
523.2644950750164
523.2644950750164
523.2644950750164
523.2644950750164
523.2644950750164
523.2644950750164
392.0037725760563
392.0037725760563
392.0037725760563
349.2350614339879
261.62956379894933
293.66975814369056
195.9998757643836
246.94521361646014
164.81517026262188
164.81517026262188
164.81517026262188
164.81517026262188
164.81517026262188
110.0002707114078
110.0002707114078
110.0002707114078
110.0002707114078
164.81517026262188
329.6337218008237
659.274206222176
880.0292465754202
493.895493452365
466.1748709275304
349.2350614339879
293.66975814369056
392.0037725760563
392.0037725760563
329.6337218008237
233.0850445286108
349.2350614339879
466.1748709275304
698.4772876209713
466.1748709275304
370.0019751270985
493.895493452365
466.1748709275304
349.2350614339879
293.66975814369056
392.0037725760563
392.0037725760563
329.6337218008237
233.0850445286108
349.2350614339879
466.1748709275304
698.4772876209713
698.4772876209713
698.4772876209713
698.4772876209713
698.4772876209713
740.0115410520648
740.0115410520648
784.0155873291847
784.0155873291847
523.2644950750164
523.2644950750164
523.2644950750164
523.2644950750164
523.2644950750164
523.2644950750164
392.0037725760563
392.0037725760563
392.0037725760563
349.2350614339879
261.62956379894933
293.66975814369056
195.9998757643836
246.94521361646014
164.81517026262188
164.81517026262188
164.81517026262188
164.81517026262188
130.81344004395967
130.81344004395967
130.81344004395967
130.81344004395967
146.8333728873804
293.66975814369056
392.0037725760563
784.0155873291847
1046.5397252143853
392.0037725760563
784.0155873291847
349.2350614339879
349.2350614339879
329.6337218008237
277.18710418068997
277.18710418068997
349.2350614339879
261.62956379894933
784.0155873291847
349.2350614339879
349.2350614339879
329.6337218008237
277.18710418068997
277.18710418068997
349.2350614339879
261.62956379894933
392.0037725760563

0
0
0
0
7
0
0
0
0
5
0
0
4
0
5
0
0
0
7
0
0
0
0
0
2
12
5
12
5
14
3
4
1
5
3
5
0
3
6
7
5
7
7
4
5
1
5
3
5
0
3
6
7
5
7
0
0
0
0
1
0
1
0
7
0
0
0
0
0
5
0
0
2
5
2
7
4
7
0
0
0
0
7
0
0
0
7
12
12
5
10
1
5
3
5
0
3
6
7
5
7
7
4
5
1
5
3
5
0
3
6
7
5
7
0
0
0
0
1
0
1
0
7
0
0
0
0
0
5
0
0
2
5
2
7
4
7
0
0
0
4
0
0
0
2
12
5
12
5
12
2
5
0
4
4
3
3
3
3
3
4
4
4
4
4
3
3

Total Number of Intervals:  528
Total Number of Notes:   168
Average Size of Intervals:   3.161676646706587