54
2.25
3.25
4.5
7.0
8.0
10.0
12.0
14.0
16.5
17.5
19.0
21.0
23.0
24.75
25.75
27.5
28.75
29.75
31.25
32.75
33.75
35.5
36.75
37.75
39.5
40.75
41.75
42.75
43.75
44.75
45.75
46.75
47.75
49.75
50.75
51.75
52.75
53.75
55.5
58.5
59.5
62.75
63.75
66.75
67.75
70.75
71.75
73.5
75.5
77.5
78.75
79.75
81.5
82.75

c03
d03
g02
c04
c04
e04
c04
a03
e03
f#3
c03
g03
d03
b02
g02
g03
f#3
d03
d04
e04
g04
d04
f04
a04
e04
g04
bb4
e04
g04
c04
e04
a03
c04
e04
g03
b03
d04
f04
e03
d04
c#4
c04
a03
b03
d04
bb3
g03
g03
bb3
d04
f03
d03
e03
f03

36
38
31
48
48
52
48
45
40
42
36
43
38
35
31
43
42
38
50
52
55
50
53
57
52
55
58
52
55
48
52
45
48
52
43
47
50
53
40
50
49
48
45
47
50
46
43
43
46
50
41
38
40
41

130.81344004395967
146.8333728873804
97.99893263068115
261.62956379894933
261.62956379894933
329.6337218008237
261.62956379894933
220.00279814001308
164.81517026262188
184.99908988354827
130.81344004395967
195.9998757643836
146.8333728873804
123.47134026636078
97.99893263068115
195.9998757643836
184.99908988354827
146.8333728873804
293.66975814369056
329.6337218008237
392.0037725760563
293.66975814369056
349.2350614339879
440.010109760719
329.6337218008237
392.0037725760563
466.1748709275304
329.6337218008237
392.0037725760563
261.62956379894933
329.6337218008237
220.00279814001308
261.62956379894933
329.6337218008237
195.9998757643836
246.94521361646014
293.66975814369056
349.2350614339879
164.81517026262188
293.66975814369056
277.18710418068997
261.62956379894933
220.00279814001308
246.94521361646014
293.66975814369056
233.0850445286108
195.9998757643836
195.9998757643836
233.0850445286108
293.66975814369056
174.61573954711844
146.8333728873804
164.81517026262188
174.61573954711844

2
7
17
0
4
4
3
5
2
6
7
5
3
4
12
1
4
12
2
3
5
3
4
5
3
3
6
3
7
4
7
3
4
9
4
3
3
13
10
1
1
3
2
3
4
3
0
3
4
9
3
2
1

Total Number of Intervals:  241
Total Number of Notes:   54
Average Size of Intervals:   4.547169811320755