15
0.25
5.25
10.25
14.25
19.25
23.0
31.25
39.25
46.5
51.75
56.0
62.0
70.0
76.0
80.75

c04
a04
f05
b04
g04
b04
b04
d05
c05
d05
a04
f05
e05
f05
g04

48
57
65
59
55
59
59
62
60
62
57
65
64
65
55

261.62956379894933
440.010109760719
698.4772876209713
493.895493452365
392.0037725760563
493.895493452365
493.895493452365
587.3455410870412
523.2644950750164
587.3455410870412
440.010109760719
698.4772876209713
659.274206222176
698.4772876209713
392.0037725760563

9
8
6
4
4
0
3
2
2
5
8
1
1
10

Total Number of Intervals:  63
Total Number of Notes:   15
Average Size of Intervals:   4.5