119
0.25
0.75
1.25
1.75
2.5
3.5
4.25
4.75
5.25
5.75
6.5
7.5
8.25
8.75
9.25
9.75
10.25
10.75
11.25
11.75
12.25
12.75
13.25
13.75
14.25
14.75
15.25
15.75
16.5
17.75
18.25
18.75
19.25
19.75
20.25
20.75
21.25
21.75
22.25
22.5
23.0
23.5
26.25
26.75
27.25
27.75
30.25
30.75
31.25
31.75
34.25
34.75
35.25
35.75
38.25
38.75
39.25
39.75
40.5
41.5
42.5
43.5
44.5
45.5
46.5
48.25
48.75
49.25
49.75
50.25
50.75
51.25
51.75
52.25
52.75
53.25
53.75
54.25
54.75
55.5
56.0
56.5
57.0
57.5
58.0
60.5
61.0
61.5
62.0
64.5
65.0
65.5
66.0
68.5
69.0
69.5
70.0
72.5
73.0
73.5
74.0
74.5
75.0
75.5
76.0
76.5
77.0
77.5
78.0
79.0
79.75
80.25
80.75
81.25
81.75
82.25
82.75
83.25
83.75

c04
e04
d04
c04
c05
c05
g04
b04
a04
g04
g05
g05
a05
f05
g05
a05
f05
d05
e05
f05
d05
b04
c05
d05
b04
g04
a04
b04
d04
d05
a04
f#4
g04
a04
b04
c05
d05
e05
b04
d05
b04
g04
g04
b04
a04
g04
a04
c05
b04
a04
d05
b04
c05
d05
e05
c05
d05
e05
c#5
e05
a04
c05
f#4
a04
c05
e04
g#4
f#4
e04
d05
e05
c05
d05
a05
b05
e05
d05
f05
d05
b04
a04
g05
e05
f05
g05
f05
a05
g05
f05
f05
d05
e05
f05
e05
g05
f05
e05
d05
f05
e05
d05
f05
a05
g05
f05
a05
c06
b05
c06
e05
c05
bb4
g04
a04
bb4
b04
e04
c05
b04

48
52
50
48
60
60
55
59
57
55
67
67
69
65
67
69
65
62
64
65
62
59
60
62
59
55
57
59
50
62
57
54
55
57
59
60
62
64
59
62
59
55
55
59
57
55
57
60
59
57
62
59
60
62
64
60
62
64
61
64
57
60
54
57
60
52
56
54
52
62
64
60
62
69
71
64
62
65
62
59
57
67
64
65
67
65
69
67
65
65
62
64
65
64
67
65
64
62
65
64
62
65
69
67
65
69
72
71
72
64
60
58
55
57
58
59
52
60
59

261.62956379894933
329.6337218008237
293.66975814369056
261.62956379894933
523.2644950750164
523.2644950750164
392.0037725760563
493.895493452365
440.010109760719
392.0037725760563
784.0155873291847
784.0155873291847
880.0292465754202
698.4772876209713
784.0155873291847
880.0292465754202
698.4772876209713
587.3455410870412
659.274206222176
698.4772876209713
587.3455410870412
493.895493452365
523.2644950750164
587.3455410870412
493.895493452365
392.0037725760563
440.010109760719
493.895493452365
293.66975814369056
587.3455410870412
440.010109760719
370.0019751270985
392.0037725760563
440.010109760719
493.895493452365
523.2644950750164
587.3455410870412
659.274206222176
493.895493452365
587.3455410870412
493.895493452365
392.0037725760563
392.0037725760563
493.895493452365
440.010109760719
392.0037725760563
440.010109760719
523.2644950750164
493.895493452365
440.010109760719
587.3455410870412
493.895493452365
523.2644950750164
587.3455410870412
659.274206222176
523.2644950750164
587.3455410870412
659.274206222176
554.3798950101573
659.274206222176
440.010109760719
523.2644950750164
370.0019751270985
440.010109760719
523.2644950750164
329.6337218008237
415.3138849085189
370.0019751270985
329.6337218008237
587.3455410870412
659.274206222176
523.2644950750164
587.3455410870412
880.0292465754202
987.8011194475558
659.274206222176
587.3455410870412
698.4772876209713
587.3455410870412
493.895493452365
440.010109760719
784.0155873291847
659.274206222176
698.4772876209713
784.0155873291847
698.4772876209713
880.0292465754202
784.0155873291847
698.4772876209713
698.4772876209713
587.3455410870412
659.274206222176
698.4772876209713
659.274206222176
784.0155873291847
698.4772876209713
659.274206222176
587.3455410870412
698.4772876209713
659.274206222176
587.3455410870412
698.4772876209713
880.0292465754202
784.0155873291847
698.4772876209713
880.0292465754202
1046.5397252143853
987.8011194475558
1046.5397252143853
659.274206222176
523.2644950750164
466.1748709275304
392.0037725760563
440.010109760719
466.1748709275304
493.895493452365
329.6337218008237
523.2644950750164
493.895493452365

4
2
2
12
0
5
4
2
2
12
0
2
4
2
2
4
3
2
1
3
3
1
2
3
4
2
2
9
12
5
3
1
2
2
1
2
2
5
3
3
4
0
4
2
2
2
3
1
2
5
3
1
2
2
4
2
2
3
3
7
3
6
3
3
8
4
2
2
10
2
4
2
7
2
7
2
3
3
3
2
10
3
1
2
2
4
2
2
0
3
2
1
1
3
2
1
2
3
1
2
3
4
2
2
4
3
1
1
8
4
2
3
2
1
1
7
8
1

Total Number of Intervals:  371
Total Number of Notes:   119
Average Size of Intervals:   3.1440677966101696