108
2.25
2.75
3.25
3.75
4.5
6.5
7.0
7.5
8.0
9.0
10.0
11.0
12.0
13.0
14.0
15.0
16.5
17.0
17.5
18.0
19.0
20.0
21.0
22.0
23.0
24.25
24.75
25.25
25.75
26.5
27.5
28.25
28.75
29.25
29.75
30.25
31.25
32.25
32.75
33.25
33.75
34.5
35.5
36.25
36.75
37.25
37.75
38.5
39.5
40.25
40.75
41.25
41.75
42.25
42.75
43.25
43.75
44.25
44.75
45.25
45.75
46.25
46.75
47.25
47.75
48.5
49.75
50.25
50.75
51.25
51.75
52.25
52.75
53.25
53.75
54.5
55.5
56.5
58.5
59.0
59.5
62.25
62.75
63.25
63.75
66.25
66.75
67.25
67.75
70.25
70.75
71.25
71.75
72.5
73.5
74.5
75.5
76.5
77.5
78.25
78.75
79.25
79.75
80.5
81.5
82.25
82.75
83.5

c03
e03
d03
c03
g02
a03
c04
b03
c04
c04
e04
a03
c04
f#3
a03
c04
e03
g03
f#3
g03
c03
e03
g03
b02
d03
g02
b02
a02
g02
g03
g03
d03
f#3
e03
d03
d04
d04
g04
e04
f04
g04
e04
d04
a04
f04
g04
a04
f04
e04
bb4
g04
a04
bb4
g04
e04
f04
g04
e04
c04
d04
e04
c04
a03
b03
c04
e03
e04
b03
g03
a03
b03
c04
d04
e04
f04
a03
e03
a02
d04
b03
c#4
a03
c04
b03
a03
d04
b03
c04
d04
g03
bb3
a03
g03
bb3
g03
d04
bb3
f04
d04
d03
f03
e03
d03
c03
e03
d03
f03
g02

36
40
38
36
31
45
48
47
48
48
52
45
48
42
45
48
40
43
42
43
36
40
43
35
38
31
35
33
31
43
43
38
42
40
38
50
50
55
52
53
55
52
50
57
53
55
57
53
52
58
55
57
58
55
52
53
55
52
48
50
52
48
45
47
48
40
52
47
43
45
47
48
50
52
53
45
40
33
50
47
49
45
48
47
45
50
47
48
50
43
46
45
43
46
43
50
46
53
50
38
41
40
38
36
40
38
41
31

130.81344004395967
164.81517026262188
146.8333728873804
130.81344004395967
97.99893263068115
220.00279814001308
261.62956379894933
246.94521361646014
261.62956379894933
261.62956379894933
329.6337218008237
220.00279814001308
261.62956379894933
184.99908988354827
220.00279814001308
261.62956379894933
164.81517026262188
195.9998757643836
184.99908988354827
195.9998757643836
130.81344004395967
164.81517026262188
195.9998757643836
123.47134026636078
146.8333728873804
97.99893263068115
123.47134026636078
110.0002707114078
97.99893263068115
195.9998757643836
195.9998757643836
146.8333728873804
184.99908988354827
164.81517026262188
146.8333728873804
293.66975814369056
293.66975814369056
392.0037725760563
329.6337218008237
349.2350614339879
392.0037725760563
329.6337218008237
293.66975814369056
440.010109760719
349.2350614339879
392.0037725760563
440.010109760719
349.2350614339879
329.6337218008237
466.1748709275304
392.0037725760563
440.010109760719
466.1748709275304
392.0037725760563
329.6337218008237
349.2350614339879
392.0037725760563
329.6337218008237
261.62956379894933
293.66975814369056
329.6337218008237
261.62956379894933
220.00279814001308
246.94521361646014
261.62956379894933
164.81517026262188
329.6337218008237
246.94521361646014
195.9998757643836
220.00279814001308
246.94521361646014
261.62956379894933
293.66975814369056
329.6337218008237
349.2350614339879
220.00279814001308
164.81517026262188
110.0002707114078
293.66975814369056
246.94521361646014
277.18710418068997
220.00279814001308
261.62956379894933
246.94521361646014
220.00279814001308
293.66975814369056
246.94521361646014
261.62956379894933
293.66975814369056
195.9998757643836
233.0850445286108
220.00279814001308
195.9998757643836
233.0850445286108
195.9998757643836
293.66975814369056
233.0850445286108
349.2350614339879
293.66975814369056
146.8333728873804
174.61573954711844
164.81517026262188
146.8333728873804
130.81344004395967
164.81517026262188
146.8333728873804
174.61573954711844
97.99893263068115

4
2
2
5
14
3
1
1
0
4
7
3
6
3
3
8
3
1
1
7
4
3
8
3
7
4
2
2
12
0
5
4
2
2
12
0
5
3
1
2
3
2
7
4
2
2
4
1
6
3
2
1
3
3
1
2
3
4
2
2
4
3
2
1
8
12
5
4
2
2
1
2
2
1
8
5
7
17
3
2
4
3
1
2
5
3
1
2
7
3
1
2
3
3
7
4
7
3
12
3
1
2
2
4
2
3
10

Total Number of Intervals:  407
Total Number of Notes:   108
Average Size of Intervals:   3.803738317757009