60
0.25
1.25
2.5
4.25
5.25
6.5
8.25
9.25
10.25
11.25
12.25
13.25
14.25
15.25
16.5
18.25
19.25
20.25
21.25
22.25
23.0
26.25
27.25
30.25
31.25
34.25
35.25
38.25
39.25
40.5
42.5
44.5
46.5
48.75
49.75
50.75
51.75
52.75
53.75
54.75
56.0
57.0
58.0
61.0
62.0
65.0
66.0
69.0
70.0
73.0
74.0
75.0
76.0
77.0
78.0
79.75
80.75
81.75
82.75
83.75

c04
d04
c05
g04
a04
g05
a05
g05
f05
e05
d05
c05
b04
a04
d04
a04
g04
b04
d05
b04
b04
g04
a04
a04
b04
d05
c05
e05
d05
c#5
a04
f#4
c05
g#4
e04
e05
d05
b05
d05
d05
a04
e05
g05
a05
f05
d05
f05
g05
e05
f05
d05
a05
f05
c06
c06
c05
g04
bb4
e04
b04

48
50
60
55
57
67
69
67
65
64
62
60
59
57
50
57
55
59
62
59
59
55
57
57
59
62
60
64
62
61
57
54
60
56
52
64
62
71
62
62
57
64
67
69
65
62
65
67
64
65
62
69
65
72
72
60
55
58
52
59

261.62956379894933
293.66975814369056
523.2644950750164
392.0037725760563
440.010109760719
784.0155873291847
880.0292465754202
784.0155873291847
698.4772876209713
659.274206222176
587.3455410870412
523.2644950750164
493.895493452365
440.010109760719
293.66975814369056
440.010109760719
392.0037725760563
493.895493452365
587.3455410870412
493.895493452365
493.895493452365
392.0037725760563
440.010109760719
440.010109760719
493.895493452365
587.3455410870412
523.2644950750164
659.274206222176
587.3455410870412
554.3798950101573
440.010109760719
370.0019751270985
523.2644950750164
415.3138849085189
329.6337218008237
659.274206222176
587.3455410870412
987.8011194475558
587.3455410870412
587.3455410870412
440.010109760719
659.274206222176
784.0155873291847
880.0292465754202
698.4772876209713
587.3455410870412
698.4772876209713
784.0155873291847
659.274206222176
698.4772876209713
587.3455410870412
880.0292465754202
698.4772876209713
1046.5397252143853
1046.5397252143853
523.2644950750164
392.0037725760563
466.1748709275304
329.6337218008237
493.895493452365

2
10
5
2
10
2
2
2
1
2
2
1
2
7
7
2
4
3
3
0
4
2
0
2
3
2
4
2
1
4
3
6
4
4
12
2
9
9
0
5
7
3
2
4
3
3
2
3
1
3
7
4
7
0
12
5
3
6
7

Total Number of Intervals:  229
Total Number of Notes:   60
Average Size of Intervals:   3.8813559322033897