30
0.25
2.5
5.25
8.25
10.25
12.25
14.25
16.5
19.25
21.25
23.0
27.25
31.25
35.25
39.25
42.5
46.5
49.75
51.75
53.75
56.0
58.0
62.0
66.0
70.0
74.0
76.0
78.0
80.75
82.75

c04
c05
a04
a05
f05
d05
b04
d04
g04
d05
b04
a04
b04
c05
d05
a04
c05
e04
d05
d05
a04
g05
f05
f05
e05
d05
f05
c06
g04
e04

48
60
57
69
65
62
59
50
55
62
59
57
59
60
62
57
60
52
62
62
57
67
65
65
64
62
65
72
55
52

261.62956379894933
523.2644950750164
440.010109760719
880.0292465754202
698.4772876209713
587.3455410870412
493.895493452365
293.66975814369056
392.0037725760563
587.3455410870412
493.895493452365
440.010109760719
493.895493452365
523.2644950750164
587.3455410870412
440.010109760719
523.2644950750164
329.6337218008237
587.3455410870412
587.3455410870412
440.010109760719
784.0155873291847
698.4772876209713
698.4772876209713
659.274206222176
587.3455410870412
698.4772876209713
1046.5397252143853
392.0037725760563
329.6337218008237

12
3
12
4
3
3
9
5
7
3
2
2
1
2
5
3
8
10
0
5
10
2
0
1
2
3
7
17
3

Total Number of Intervals:  144
Total Number of Notes:   30
Average Size of Intervals:   4.9655172413793105