216
2.25
2.5
2.75
3.0
3.25
3.5
3.75
4.0
4.5
6.25
6.5
6.75
7.0
7.25
7.5
7.75
8.0
8.5
9.0
9.5
10.0
10.5
11.0
11.5
12.0
12.5
13.0
13.5
14.0
14.5
15.0
16.25
16.5
16.75
17.0
17.25
17.5
17.75
18.0
18.5
19.0
19.5
20.0
20.5
21.0
21.5
22.0
22.75
23.0
23.5
24.25
24.5
24.75
25.0
25.25
25.5
25.75
26.0
26.5
27.0
27.5
28.0
28.25
28.5
28.75
29.0
29.25
29.5
29.75
30.0
30.25
30.75
31.25
31.75
32.25
32.5
32.75
33.0
33.25
33.5
33.75
34.0
34.5
35.0
35.5
36.0
36.25
36.5
36.75
37.0
37.25
37.5
37.75
38.0
38.5
39.0
39.5
40.0
40.25
40.5
40.75
41.0
41.25
41.5
41.75
42.0
42.25
42.5
42.75
43.0
43.25
43.5
43.75
44.0
44.25
44.5
44.75
45.0
45.25
45.5
45.75
46.0
46.25
46.5
46.75
47.0
47.25
47.5
47.75
48.0
48.5
49.0
49.75
50.0
50.25
50.5
50.75
51.0
51.25
51.5
51.75
52.0
52.25
52.5
52.75
53.0
53.25
53.5
53.75
54.0
54.5
55.0
55.5
56.0
56.5
58.25
58.5
58.75
59.0
59.25
59.5
59.75
62.25
62.5
62.75
63.0
63.25
63.5
63.75
64.0
66.25
66.5
66.75
67.0
67.25
67.5
67.75
68.0
70.25
70.5
70.75
71.0
71.25
71.5
71.75
72.0
72.5
73.0
73.5
74.0
74.5
75.0
75.5
76.0
76.5
77.0
77.5
78.0
78.25
78.5
78.75
79.0
79.25
79.5
79.75
80.0
80.5
81.0
81.5
82.0
82.25
82.5
82.75
83.0
83.5
84.0

c03
d03
e03
f03
d03
e03
c03
g03
g02
g03
a03
b03
c04
a03
b03
g03
c04
b03
c04
d04
e04
g03
a03
b03
c04
e03
f#3
g03
a03
b03
c04
d03
e03
f#3
g03
e03
f#3
d03
g03
b02
c03
d03
e03
f#3
g03
e03
b02
c03
d03
d02
g02
a02
b02
c03
a02
b02
g02
d03
g03
f#3
g03
a03
d03
e03
f#3
g03
e03
f#3
d03
a03
d04
c04
d04
g03
g04
f04
e04
d04
f04
e04
g04
f04
e04
f04
d04
e04
a04
g04
f04
e04
g04
f04
a04
g04
f04
g04
e04
f04
bb4
a04
g04
f04
a04
g04
bb4
a04
g04
f04
e04
d04
f04
e04
g04
f04
e04
d04
c04
b03
d04
c04
e04
d04
c04
b03
a03
g#3
b03
a03
c04
b03
e03
d04
e04
c04
b03
a03
g03
f#3
a03
g#3
b03
a03
c04
b03
d04
c04
e04
d04
f04
e04
a03
e04
e03
a03
a02
e04
d04
c04
b03
d04
c#4
e04
a03
b03
c04
d04
b03
c04
a03
b03
d04
c04
b03
a03
c04
b03
d04
c04
g03
a03
bb3
c04
a03
bb3
g03
a03
bb3
a03
g03
f03
d04
c04
bb3
a03
f04
e04
d04
e04
d03
e03
f03
g03
e03
f03
d03
e03
c03
d03
e03
f03
d03
e03
f03
g03
g02
c03

36
38
40
41
38
40
36
43
31
43
45
47
48
45
47
43
48
47
48
50
52
43
45
47
48
40
42
43
45
47
48
38
40
42
43
40
42
38
43
35
36
38
40
42
43
40
35
36
38
26
31
33
35
36
33
35
31
38
43
42
43
45
38
40
42
43
40
42
38
45
50
48
50
43
55
53
52
50
53
52
55
53
52
53
50
52
57
55
53
52
55
53
57
55
53
55
52
53
58
57
55
53
57
55
58
57
55
53
52
50
53
52
55
53
52
50
48
47
50
48
52
50
48
47
45
44
47
45
48
47
40
50
52
48
47
45
43
42
45
44
47
45
48
47
50
48
52
50
53
52
45
52
40
45
33
52
50
48
47
50
49
52
45
47
48
50
47
48
45
47
50
48
47
45
48
47
50
48
43
45
46
48
45
46
43
45
46
45
43
41
50
48
46
45
53
52
50
52
38
40
41
43
40
41
38
40
36
38
40
41
38
40
41
43
31
36

130.81344004395967
146.8333728873804
164.81517026262188
174.61573954711844
146.8333728873804
164.81517026262188
130.81344004395967
195.9998757643836
97.99893263068115
195.9998757643836
220.00279814001308
246.94521361646014
261.62956379894933
220.00279814001308
246.94521361646014
195.9998757643836
261.62956379894933
246.94521361646014
261.62956379894933
293.66975814369056
329.6337218008237
195.9998757643836
220.00279814001308
246.94521361646014
261.62956379894933
164.81517026262188
184.99908988354827
195.9998757643836
220.00279814001308
246.94521361646014
261.62956379894933
146.8333728873804
164.81517026262188
184.99908988354827
195.9998757643836
164.81517026262188
184.99908988354827
146.8333728873804
195.9998757643836
123.47134026636078
130.81344004395967
146.8333728873804
164.81517026262188
184.99908988354827
195.9998757643836
164.81517026262188
123.47134026636078
130.81344004395967
146.8333728873804
73.4159333591827
97.99893263068115
110.0002707114078
123.47134026636078
130.81344004395967
110.0002707114078
123.47134026636078
97.99893263068115
146.8333728873804
195.9998757643836
184.99908988354827
195.9998757643836
220.00279814001308
146.8333728873804
164.81517026262188
184.99908988354827
195.9998757643836
164.81517026262188
184.99908988354827
146.8333728873804
220.00279814001308
293.66975814369056
261.62956379894933
293.66975814369056
195.9998757643836
392.0037725760563
349.2350614339879
329.6337218008237
293.66975814369056
349.2350614339879
329.6337218008237
392.0037725760563
349.2350614339879
329.6337218008237
349.2350614339879
293.66975814369056
329.6337218008237
440.010109760719
392.0037725760563
349.2350614339879
329.6337218008237
392.0037725760563
349.2350614339879
440.010109760719
392.0037725760563
349.2350614339879
392.0037725760563
329.6337218008237
349.2350614339879
466.1748709275304
440.010109760719
392.0037725760563
349.2350614339879
440.010109760719
392.0037725760563
466.1748709275304
440.010109760719
392.0037725760563
349.2350614339879
329.6337218008237
293.66975814369056
349.2350614339879
329.6337218008237
392.0037725760563
349.2350614339879
329.6337218008237
293.66975814369056
261.62956379894933
246.94521361646014
293.66975814369056
261.62956379894933
329.6337218008237
293.66975814369056
261.62956379894933
246.94521361646014
220.00279814001308
207.65481237683684
246.94521361646014
220.00279814001308
261.62956379894933
246.94521361646014
164.81517026262188
293.66975814369056
329.6337218008237
261.62956379894933
246.94521361646014
220.00279814001308
195.9998757643836
184.99908988354827
220.00279814001308
207.65481237683684
246.94521361646014
220.00279814001308
261.62956379894933
246.94521361646014
293.66975814369056
261.62956379894933
329.6337218008237
293.66975814369056
349.2350614339879
329.6337218008237
220.00279814001308
329.6337218008237
164.81517026262188
220.00279814001308
110.0002707114078
329.6337218008237
293.66975814369056
261.62956379894933
246.94521361646014
293.66975814369056
277.18710418068997
329.6337218008237
220.00279814001308
246.94521361646014
261.62956379894933
293.66975814369056
246.94521361646014
261.62956379894933
220.00279814001308
246.94521361646014
293.66975814369056
261.62956379894933
246.94521361646014
220.00279814001308
261.62956379894933
246.94521361646014
293.66975814369056
261.62956379894933
195.9998757643836
220.00279814001308
233.0850445286108
261.62956379894933
220.00279814001308
233.0850445286108
195.9998757643836
220.00279814001308
233.0850445286108
220.00279814001308
195.9998757643836
174.61573954711844
293.66975814369056
261.62956379894933
233.0850445286108
220.00279814001308
349.2350614339879
329.6337218008237
293.66975814369056
329.6337218008237
146.8333728873804
164.81517026262188
174.61573954711844
195.9998757643836
164.81517026262188
174.61573954711844
146.8333728873804
164.81517026262188
130.81344004395967
146.8333728873804
164.81517026262188
174.61573954711844
146.8333728873804
164.81517026262188
174.61573954711844
195.9998757643836
97.99893263068115
130.81344004395967

2
2
1
3
2
4
7
12
12
2
2
1
3
2
4
5
1
1
2
2
9
2
2
1
8
2
1
2
2
1
10
2
2
1
3
2
4
5
8
1
2
2
2
1
3
5
1
2
12
5
2
2
1
3
2
4
7
5
1
1
2
7
2
2
1
3
2
4
7
5
2
2
7
12
2
1
2
3
1
3
2
1
1
3
2
5
2
2
1
3
2
4
2
2
2
3
1
5
1
2
2
4
2
3
1
2
2
1
2
3
1
3
2
1
2
2
1
3
2
4
2
2
1
2
1
3
2
3
1
7
10
2
4
1
2
2
1
3
1
3
2
3
1
3
2
4
2
3
1
7
7
12
5
12
19
2
2
1
3
1
3
7
2
1
2
3
1
3
2
3
2
1
2
3
1
3
2
5
2
1
2
3
1
3
2
1
1
2
2
9
2
2
1
8
1
2
2
14
2
1
2
3
1
3
2
4
2
2
1
3
2
1
2
12
5

Total Number of Intervals:  660
Total Number of Notes:   216
Average Size of Intervals:   3.0697674418604652