27
2.25
4.5
8.0
12.0
16.5
19.0
23.0
25.75
28.75
31.25
33.75
36.75
39.5
41.75
43.75
45.75
47.75
50.75
52.75
55.5
59.5
63.75
67.75
71.75
75.5
78.75
81.5

c03
g02
c04
c04
e03
c03
d03
g02
f#3
d04
g04
f04
e04
bb4
g04
e04
c04
g03
d04
e03
c#4
a03
d04
g03
bb3
f03
e03

36
31
48
48
40
36
38
31
42
50
55
53
52
58
55
52
48
43
50
40
49
45
50
43
46
41
40

130.81344004395967
97.99893263068115
261.62956379894933
261.62956379894933
164.81517026262188
130.81344004395967
146.8333728873804
97.99893263068115
184.99908988354827
293.66975814369056
392.0037725760563
349.2350614339879
329.6337218008237
466.1748709275304
392.0037725760563
329.6337218008237
261.62956379894933
195.9998757643836
293.66975814369056
164.81517026262188
277.18710418068997
220.00279814001308
293.66975814369056
195.9998757643836
233.0850445286108
174.61573954711844
164.81517026262188

5
17
0
8
4
2
7
11
8
5
2
1
6
3
3
4
5
7
10
9
4
5
7
3
5
1

Total Number of Intervals:  142
Total Number of Notes:   27
Average Size of Intervals:   5.461538461538462