238
0.25
0.5
0.75
1.0
1.25
1.5
1.75
2.0
2.5
3.0
3.5
4.0
4.25
4.5
4.75
5.0
5.25
5.5
5.75
6.0
6.5
7.0
7.5
8.0
8.25
8.5
8.75
9.0
9.25
9.5
9.75
10.0
10.25
10.5
10.75
11.0
11.25
11.5
11.75
12.0
12.25
12.5
12.75
13.0
13.25
13.5
13.75
14.0
14.25
14.5
14.75
15.0
15.25
15.5
15.75
16.0
16.5
17.0
17.75
18.0
18.25
18.5
18.75
19.0
19.25
19.5
19.75
20.0
20.25
20.5
20.75
21.0
21.25
21.5
21.75
22.0
22.25
22.375
22.5
22.75
23.0
23.25
23.5
23.75
26.25
26.5
26.75
27.0
27.25
27.5
27.75
28.0
30.25
30.5
30.75
31.0
31.25
31.5
31.75
32.0
34.25
34.5
34.75
35.0
35.25
35.5
35.75
36.0
38.25
38.5
38.75
39.0
39.25
39.5
39.75
40.0
40.5
41.0
41.5
42.0
42.5
43.0
43.5
44.0
44.5
45.0
45.5
46.0
46.5
47.0
48.25
48.5
48.75
49.0
49.25
49.5
49.75
50.0
50.25
50.5
50.75
51.0
51.25
51.5
51.75
52.0
52.25
52.5
52.75
53.0
53.25
53.5
53.75
54.0
54.25
54.5
54.75
55.0
55.5
55.75
56.0
56.25
56.5
56.75
57.0
57.25
57.5
57.75
58.0
60.25
60.5
60.75
61.0
61.25
61.5
61.75
62.0
64.25
64.5
64.75
65.0
65.25
65.5
65.75
66.0
68.25
68.5
68.75
69.0
69.25
69.5
69.75
70.0
72.25
72.5
72.75
73.0
73.25
73.5
73.75
74.0
74.25
74.5
74.75
75.0
75.25
75.5
75.75
76.0
76.25
76.5
76.75
77.0
77.25
77.5
77.75
78.0
78.5
79.0
79.5
79.75
80.0
80.25
80.5
80.75
81.0
81.25
81.5
81.75
82.0
82.25
82.5
82.75
83.0
83.25
83.5
83.75
84.0

c04
d04
e04
f04
d04
e04
c04
g04
c05
b05
c05
d05
g04
a04
b04
c05
a04
b04
g04
d05
g05
f05
g05
e05
a05
g05
f05
e05
g05
f05
a05
g05
f05
e05
d05
c05
e05
d05
f05
e05
d05
c05
b04
a04
c05
b04
d05
c05
b04
a04
g04
f#4
a04
g04
b04
a04
d04
c05
d05
b04
a04
g04
f#4
e04
g04
f#4
a04
g04
b04
a04
c05
b04
d05
c05
e05
d05
b04
c05
d05
g05
b04
a04
g04
g04
g04
a04
b04
c05
a04
b04
g04
f#4
a04
b04
c05
d05
b04
c05
a04
b04
d05
c05
b04
a04
c05
b04
d05
c05
e05
d05
c05
b04
d05
c#5
e05
d05
c#5
d05
e05
f05
a04
b04
c05
d05
f#4
g#4
a04
b04
c05
d05
e04
f#4
g#4
a04
f#4
g#4
e04
e05
d05
c05
e05
d05
c05
b04
d05
c05
a05
g#5
b05
a05
e05
f05
d05
g#4
f05
e05
d05
c05
b04
a04
a04
a05
g05
f05
e05
g05
f05
a05
g05
e05
f05
g05
a05
f05
g05
e05
f05
g05
f05
e05
d05
f05
e05
g05
f05
d05
e05
f05
g05
e05
f05
d05
e05
c05
d05
e05
f05
d05
e05
c05
d05
e05
f05
g05
a05
f05
g05
e05
f05
g05
a05
b05
c06
a05
b05
g05
c06
g05
e05
d05
c05
c05
bb4
a04
g04
f04
a04
g04
bb4
a04
b04
c05
e04
d04
c05
f04
b04
c05

48
50
52
53
50
52
48
55
60
71
60
62
55
57
59
60
57
59
55
62
67
65
67
64
69
67
65
64
67
65
69
67
65
64
62
60
64
62
65
64
62
60
59
57
60
59
62
60
59
57
55
54
57
55
59
57
50
60
62
59
57
55
54
52
55
54
57
55
59
57
60
59
62
60
64
62
59
60
62
67
59
57
55
55
55
57
59
60
57
59
55
54
57
59
60
62
59
60
57
59
62
60
59
57
60
59
62
60
64
62
60
59
62
61
64
62
61
62
64
65
57
59
60
62
54
56
57
59
60
62
52
54
56
57
54
56
52
64
62
60
64
62
60
59
62
60
69
68
71
69
64
65
62
56
65
64
62
60
59
57
57
69
67
65
64
67
65
69
67
64
65
67
69
65
67
64
65
67
65
64
62
65
64
67
65
62
64
65
67
64
65
62
64
60
62
64
65
62
64
60
62
64
65
67
69
65
67
64
65
67
69
71
72
69
71
67
72
67
64
62
60
60
58
57
55
53
57
55
58
57
59
60
52
50
60
53
59
60

261.62956379894933
293.66975814369056
329.6337218008237
349.2350614339879
293.66975814369056
329.6337218008237
261.62956379894933
392.0037725760563
523.2644950750164
987.8011194475558
523.2644950750164
587.3455410870412
392.0037725760563
440.010109760719
493.895493452365
523.2644950750164
440.010109760719
493.895493452365
392.0037725760563
587.3455410870412
784.0155873291847
698.4772876209713
784.0155873291847
659.274206222176
880.0292465754202
784.0155873291847
698.4772876209713
659.274206222176
784.0155873291847
698.4772876209713
880.0292465754202
784.0155873291847
698.4772876209713
659.274206222176
587.3455410870412
523.2644950750164
659.274206222176
587.3455410870412
698.4772876209713
659.274206222176
587.3455410870412
523.2644950750164
493.895493452365
440.010109760719
523.2644950750164
493.895493452365
587.3455410870412
523.2644950750164
493.895493452365
440.010109760719
392.0037725760563
370.0019751270985
440.010109760719
392.0037725760563
493.895493452365
440.010109760719
293.66975814369056
523.2644950750164
587.3455410870412
493.895493452365
440.010109760719
392.0037725760563
370.0019751270985
329.6337218008237
392.0037725760563
370.0019751270985
440.010109760719
392.0037725760563
493.895493452365
440.010109760719
523.2644950750164
493.895493452365
587.3455410870412
523.2644950750164
659.274206222176
587.3455410870412
493.895493452365
523.2644950750164
587.3455410870412
784.0155873291847
493.895493452365
440.010109760719
392.0037725760563
392.0037725760563
392.0037725760563
440.010109760719
493.895493452365
523.2644950750164
440.010109760719
493.895493452365
392.0037725760563
370.0019751270985
440.010109760719
493.895493452365
523.2644950750164
587.3455410870412
493.895493452365
523.2644950750164
440.010109760719
493.895493452365
587.3455410870412
523.2644950750164
493.895493452365
440.010109760719
523.2644950750164
493.895493452365
587.3455410870412
523.2644950750164
659.274206222176
587.3455410870412
523.2644950750164
493.895493452365
587.3455410870412
554.3798950101573
659.274206222176
587.3455410870412
554.3798950101573
587.3455410870412
659.274206222176
698.4772876209713
440.010109760719
493.895493452365
523.2644950750164
587.3455410870412
370.0019751270985
415.3138849085189
440.010109760719
493.895493452365
523.2644950750164
587.3455410870412
329.6337218008237
370.0019751270985
415.3138849085189
440.010109760719
370.0019751270985
415.3138849085189
329.6337218008237
659.274206222176
587.3455410870412
523.2644950750164
659.274206222176
587.3455410870412
523.2644950750164
493.895493452365
587.3455410870412
523.2644950750164
880.0292465754202
830.6362902141274
987.8011194475558
880.0292465754202
659.274206222176
698.4772876209713
587.3455410870412
415.3138849085189
698.4772876209713
659.274206222176
587.3455410870412
523.2644950750164
493.895493452365
440.010109760719
440.010109760719
880.0292465754202
784.0155873291847
698.4772876209713
659.274206222176
784.0155873291847
698.4772876209713
880.0292465754202
784.0155873291847
659.274206222176
698.4772876209713
784.0155873291847
880.0292465754202
698.4772876209713
784.0155873291847
659.274206222176
698.4772876209713
784.0155873291847
698.4772876209713
659.274206222176
587.3455410870412
698.4772876209713
659.274206222176
784.0155873291847
698.4772876209713
587.3455410870412
659.274206222176
698.4772876209713
784.0155873291847
659.274206222176
698.4772876209713
587.3455410870412
659.274206222176
523.2644950750164
587.3455410870412
659.274206222176
698.4772876209713
587.3455410870412
659.274206222176
523.2644950750164
587.3455410870412
659.274206222176
698.4772876209713
784.0155873291847
880.0292465754202
698.4772876209713
784.0155873291847
659.274206222176
698.4772876209713
784.0155873291847
880.0292465754202
987.8011194475558
1046.5397252143853
880.0292465754202
987.8011194475558
784.0155873291847
1046.5397252143853
784.0155873291847
659.274206222176
587.3455410870412
523.2644950750164
523.2644950750164
466.1748709275304
440.010109760719
392.0037725760563
349.2350614339879
440.010109760719
392.0037725760563
466.1748709275304
440.010109760719
493.895493452365
523.2644950750164
329.6337218008237
293.66975814369056
523.2644950750164
349.2350614339879
493.895493452365
523.2644950750164

2
2
1
3
2
4
7
5
11
11
2
7
2
2
1
3
2
4
7
5
2
2
3
5
2
2
1
3
2
4
2
2
1
2
2
4
2
3
1
2
2
1
2
3
1
3
2
1
2
2
1
3
2
4
2
7
10
2
3
2
2
1
2
3
1
3
2
4
2
3
1
3
2
4
2
3
1
2
5
8
2
2
0
0
2
2
1
3
2
4
1
3
2
1
2
3
1
3
2
3
2
1
2
3
1
3
2
4
2
2
1
3
1
3
2
1
1
2
1
8
2
1
2
8
2
1
2
1
2
10
2
2
1
3
2
4
12
2
2
4
2
2
1
3
2
9
1
3
2
5
1
3
6
9
1
2
2
1
2
0
12
2
2
1
3
2
4
2
3
1
2
2
4
2
3
1
2
2
1
2
3
1
3
2
3
2
1
2
3
1
3
2
4
2
2
1
3
2
4
2
2
1
2
2
4
2
3
1
2
2
2
1
3
2
4
5
5
3
2
2
0
2
1
2
2
4
2
3
1
2
1
8
2
10
7
6
1

Total Number of Intervals:  648
Total Number of Notes:   238
Average Size of Intervals:   2.7341772151898733