43
0.0
3.0
6.0
10.75
14.0
18.75
21.75
29.5
41.5
46.5
51.0
55.5
61.5
66.0
70.0
74.0
78.0
81.0
85.5
89.0
93.5
96.75
103.5
108.5
113.5
118.0
123.5
128.5
133.0
137.0
141.0
144.75
147.75
152.25
155.75
160.25
163.75
171.5
172.0
129.5
120.5
63.5
54.5

e05
e05
a04
e04
g03
c03
c03
g05
b04
g04
f04
gb4
d04
bb3
f05
f#5
c05
c05
g04
g03
e03
a02
e04
bb4
g04
bb4
b04
g04
f04
f05
f#5
c05
c05
f04
b03
e03
c03
g05
g05
f04
db4
f04
db4

64
64
57
52
43
36
36
67
59
55
53
54
50
46
65
66
60
60
55
43
40
33
52
58
55
58
59
55
53
65
66
60
60
53
47
40
36
67
67
53
49
53
49

659.274206222176
659.274206222176
440.010109760719
329.6337218008237
195.9998757643836
130.81344004395967
130.81344004395967
784.0155873291847
493.895493452365
392.0037725760563
349.2350614339879
370.0019751270985
293.66975814369056
233.0850445286108
698.4772876209713
740.0115410520648
523.2644950750164
523.2644950750164
392.0037725760563
195.9998757643836
164.81517026262188
110.0002707114078
329.6337218008237
466.1748709275304
392.0037725760563
466.1748709275304
493.895493452365
392.0037725760563
349.2350614339879
698.4772876209713
740.0115410520648
523.2644950750164
523.2644950750164
349.2350614339879
246.94521361646014
164.81517026262188
130.81344004395967
784.0155873291847
784.0155873291847
349.2350614339879
277.18710418068997
349.2350614339879
277.18710418068997

0
7
5
9
7
0
31
8
4
2
1
4
4
19
1
6
0
5
12
3
7
19
6
3
3
1
4
2
12
1
6
0
7
6
7
4
31
14
3
0
0
7

Total Number of Intervals:  271
Total Number of Notes:   43
Average Size of Intervals:   6.4523809523809526